eval_loss = 0.00012797158304142373
f1_score = 0.9994465965688988
precision = 0.9994465965688988
recall = 0.9994465965688988
